22 22 22 22 22 22 22 22 22 22 22 22 22 
22 22 22 22 22 22 22 22 22 22 22 22 22 
22 22 22 22 22 22 22 22 22 22 22 22 22 
22 22 22 22 22 22 22 22 22 22 22 22 22 
12 16 16 16 16 16 16 16 18 22 22 22 22 
8 3 3 3 3 3 3 27 17 22 22 22 22 
25 26 26 26 26 26 26 23 17 22 22 22 22 
10 2 2 2 2 7 26 23 17 22 22 22 22 
14 16 16 16 18 1 26 23 17 22 22 22 22 
22 22 22 22 17 1 26 23 17 22 22 22 22 
22 22 22 22 17 1 26 23 17 22 22 22 22 
22 22 22 22 17 1 26 23 17 22 22 22 22 
22 22 22 22 13 9 24 11 15 22 22 22 22 
