22 22 22 22 13 9 24 11 15 22 22 22 22 
22 22 22 22 17 1 26 23 17 22 22 22 22 
22 22 22 22 17 1 26 23 17 22 22 22 22 
22 22 22 22 17 1 26 23 17 22 22 22 22 
22 22 22 22 17 1 26 23 20 16 16 16 12 
22 22 22 22 17 1 26 5 3 3 3 3 8 
22 22 22 22 17 1 26 26 26 26 26 26 25 
22 22 22 22 17 29 2 2 2 2 2 2 10 
22 22 22 22 20 16 16 16 16 16 16 16 14 
22 22 22 22 22 22 22 22 22 22 22 22 22 
22 22 22 22 22 22 22 22 22 22 22 22 22 
22 22 22 22 22 22 22 22 22 22 22 22 22 
22 22 22 22 22 22 22 22 22 22 22 22 22 