22 22 22 22 13 9 24 11 15 22 22 22 22 
22 22 22 22 17 1 26 23 17 22 22 22 22 
22 22 22 22 17 1 26 23 17 22 22 22 22 
22 22 22 22 17 1 26 23 17 22 22 22 22 
22 22 22 22 17 1 26 23 17 22 22 22 22 
22 22 22 22 17 1 26 23 17 22 22 22 22 
22 22 22 22 17 1 26 23 17 22 22 22 22 
22 22 22 22 17 1 26 23 17 22 22 22 22 
22 22 22 22 17 1 26 23 17 22 22 22 22 
22 22 22 22 17 1 26 23 17 22 22 22 22 
22 22 22 22 17 1 26 23 17 22 22 22 22 
22 22 22 22 17 1 26 23 17 22 22 22 22 
22 22 22 22 13 9 24 11 15 22 22 22 22 

